time: 256.000000 	 spheres 256 	 iteration 20.
time: 256.000000 	 spheres 256 	 iteration 10.
